epochs:  0 0.6845398665813918 0.643456104096402 0.1373026900495706
epochs:  1 0.6532824327436726 0.5839571276407564 0.03452371391520072
epochs:  2 0.5748284653331457 0.5790835732824346 0.03551415209606122
epochs:  3 0.4588185552130924 0.5658083765694265 0.032917337282822375
epochs:  4 0.39821142627951805 0.5625182443790222 0.03428494806788611
epochs:  5 0.3401090462556046 0.5585004479697581 0.033113985353808724
epochs:  6 0.2845925631817807 0.5537998348139646 0.032713165925292484
epochs:  7 0.2571138297573904 0.549895709820008 0.03236246341316218
epochs:  8 0.2338336764761571 0.5474800025479177 0.031998204046420835
epochs:  9 0.19765938098511 0.5446108479178353 0.0314148369381267
epochs:  10 0.18962244823407592 0.5426945297905569 0.03131038770916757
epochs:  11 0.17596645017018478 0.5413480019301511 0.030916697523567113
epochs:  12 0.17207212176885497 0.5400500243969177 0.031107683948586495
epochs:  13 0.15544651457098094 0.5391995518395071 0.030733602958616248
epochs:  14 0.14851514166325666 0.5374464720822452 0.03075091570113482
epochs:  15 0.1419391780254546 0.5375678391938798 0.030719431075319815
epochs:  16 0.14055752385868114 0.5364539261614338 0.03041521009853047
epochs:  17 0.1365117398038339 0.5356888710782769 0.030531598506181427
epochs:  18 0.12722515097160017 0.5337789815463377 0.03047812604502346
epochs:  19 0.12620817459701153 0.53322227081556 0.0302155977428964
epochs:  20 0.12158320978116453 0.5325604717383224 0.03000146799375502
epochs:  21 0.11235495639985867 0.531234182668536 0.02999748450735312
epochs:  22 0.10802333400155721 0.5302302482422818 0.02940620569868034
epochs:  23 0.10629507681626953 0.5301264725374372 0.030012880022941012
epochs:  24 0.09899421580386965 0.5293909170654383 0.029518773025843534
epochs:  25 0.09832286031058665 0.5286177463745803 0.029498054886634432
epochs:  26 0.0965795267498895 0.5282262684254164 0.02951079234480858
epochs:  27 0.09099152064725255 0.5277895833669084 0.02944321453236462
epochs:  28 0.09074626687202561 0.5277659933218796 0.029191481556450384
epochs:  29 0.08741216955894834 0.5273518609196952 0.02934627038206947
epochs:  30 0.08478925402244825 0.5268173947762907 0.029112415053368954
epochs:  31 0.08232277476888024 0.5264192652166559 0.02916104754621393
epochs:  32 0.0854297379931707 0.5265422081679441 0.0290294372884745
epochs:  33 0.08019432877556662 0.5258681224973014 0.028752510550986515
epochs:  34 0.07790963201040632 0.5252824117628376 0.02897260490846768
epochs:  35 0.07804138351524814 0.5253830793198575 0.028830850371316576
epochs:  36 0.07592013093192926 0.5249926923366075 0.028781235155262305
epochs:  37 0.07319891180717543 0.5245463566833668 0.028655975240837323
epochs:  38 0.07521334231904384 0.5244015535611785 0.028879366940661764
epochs:  39 0.07564529404044151 0.5243038227049153 0.028404173493552745
epochs:  40 0.07307435228918376 0.5238693142205142 0.028310279456082353
epochs:  41 0.07039280332038912 0.5230213001872717 0.028392009897513337
epochs:  42 0.07584865089882625 0.5232378579257579 0.028497682298334798
epochs:  43 0.0687880657529563 0.522863501243377 0.02810145267860943
epochs:  44 0.06790938805998041 0.5224506700976511 0.028424668764130454
epochs:  45 0.06546747847721818 0.5222273428788345 0.028218467583817044
epochs:  46 0.06261952932965889 0.5221752564558823 0.028226532083883715
epochs:  47 0.06133883404597808 0.5217874277843518 0.028424019245116897
epochs:  48 0.06106681359952755 0.5215912307246348 0.02781834112208211
epochs:  49 0.062004925745926545 0.5212430398115951 0.028199352282151747
epochs:  50 0.0589565702117561 0.5210724660519803 0.028076849626691155
epochs:  51 0.05853978737016742 0.5211200506499644 0.028018809310840758
epochs:  52 0.060330160924892746 0.5206153834803721 0.02798671040976985
epochs:  53 0.06678479943382606 0.5210533999325184 0.02792095493399695
epochs:  54 0.06091255740670676 0.5207722133465027 0.02784088323039285
epochs:  55 0.06256924151034837 0.5205031499434053 0.028103645074735867
epochs:  56 0.05756986810919944 0.5203974876510963 0.02750088818622439
epochs:  57 0.057991210747970624 0.519892680511046 0.028058268799540702
epochs:  58 0.05544841473691919 0.5201967378680625 0.027503281915455723
epochs:  59 0.0546642534769653 0.519834705952848 0.027925304419706375
epochs:  60 0.05451931992775939 0.519460153713655 0.02763846003858561
epochs:  61 0.053275231397553774 0.5190805498133885 0.027441217469867697
epochs:  62 0.052315274358130576 0.5188387076506454 0.02751376548928491
epochs:  63 0.050818687053711224 0.5187403559684753 0.027571769807948156
epochs:  64 0.049844011706247755 0.5187200421697638 0.027454262892349382
epochs:  65 0.050033533129464375 0.5184652329830641 0.027635852147019312
epochs:  66 0.05014513788765736 0.518526584244846 0.027437609128570288
epochs:  67 0.04847012326288759 0.5183097746934784 0.02730302604731549
epochs:  68 0.05299908642688494 0.5178613207313452 0.02747945920721199
epochs:  69 0.0508580549797985 0.5179091866096753 0.027627154975459818
epochs:  70 0.051269956351665966 0.5181921030698198 0.027257000671678716
epochs:  71 0.04905301474788216 0.5177965887476889 0.027258872525410704
epochs:  72 0.04852538871882337 0.5179522787587026 0.0272945331179359
epochs:  73 0.047972161804189846 0.5176075301813275 0.027337567420320563
epochs:  74 0.047075282845102 0.5177101124538465 0.027131500517886677
epochs:  75 0.046836041583773795 0.517474883727813 0.027122174483839044
epochs:  76 0.04748940325520012 0.5174232982517628 0.027215196070878692
epochs:  77 0.047802627107568 0.5175174240315898 0.02730900277331304
epochs:  78 0.046355947642848734 0.5171958181295502 0.026960044869043853
epochs:  79 0.04562548338697198 0.5171196387055215 0.027157911779672913
epochs:  80 0.04527235139956635 0.5167203525478921 0.026891764399878094
epochs:  81 0.046791834652089 0.5166669635290511 0.027073009567481748
epochs:  82 0.04530085416071201 0.5164702327063914 0.026766610237654677
epochs:  83 0.0487808185012153 0.5165489717815699 0.026966125798526773
epochs:  84 0.0456106292314074 0.516604598988308 0.02692866704186027
epochs:  85 0.04411495730197162 0.5164555116985621 0.026712963252924802
epochs:  86 0.043105632589941614 0.5160841687341754 0.026697634248418756
epochs:  87 0.043355603398901696 0.5161755614066392 0.026881485214728988
epochs:  88 0.042547232481870756 0.5161281053939563 0.026831481584839608
epochs:  89 0.0419697594525439 0.5160582413834133 0.026878037667843732
epochs:  90 0.04147491403175204 0.5158781436052216 0.026777561607488086
epochs:  91 0.0416633187468802 0.5159064082617171 0.026692565195681004
epochs:  92 0.043390758523947734 0.5157964202795136 0.026556875179992633
epochs:  93 0.041923166974709276 0.5159396422043275 0.02671526556604364
epochs:  94 0.04306788183748722 0.5159056139795968 0.026668447352359802
epochs:  95 0.04223588625952769 0.5158568593893158 0.026489038438944335
epochs:  96 0.04249829970551341 0.5157727692904097 0.026599246945776298
epochs:  97 0.041021376890078017 0.5159112228436417 0.026472021919790277
epochs:  98 0.04047482559101635 0.5157574924190392 0.026562627279356623
epochs:  99 0.04084840825015909 0.5154684052038728 0.02647106701068664
